A= 1:1000;
B= 1./A;

1/3 (1)
1/6 (1)
1/7 (6)
1/9 (1)
1/11 (2)
1/12 (1)
1/13 (6)
1/14 (6)
1/15 (1)
1/17 (16)
1/18 (1)
1/19 (18)
1/21 (6)
1/22 (2)
1/23 (22)

1/983 (982)
1/991 (495)
1/997 (166) 