B1 = [4765745501]
B2 = [3798879715]
B3 = [3226651381]
B4 = [1122869539]
B5 = [9879593635]
B6 = [0388584903]
B7 = [3532961922]
B8 = [5523597457]
B9 = [1129967519]
B10 = [7770775672]
B11 = [7058077308]
B12 = [0547126581]
B13 = [7563400500]
B14 = [7251250327]
B15 = [1296897789]
B16 = [3352399886]
B17 = [7929701337]
B18 = [3173312731]
B19 = [5914677504]
B20 = [3619626622]
B21 = [6944540724]
B22 = [5556214818]
B23 = [6088076852]
B24 = [8982642090]
B25 = [2876952786]
B26 = [9763878039]
B27 = [7408011116]
B28 = [4490851411]
B29 = [9069790714]
B30 = [6645795096]
B31 = [0197230297]
B32 = [6085089252]
B33 = [2652315011]
B34 = [0598436791]
B35 = [9028300699]
B36 = [4449733078]
B37 = [2488917353]
B38 = [3204149535]
B39 = [0566631954]
B40 = [7822703280]
B41 = [2325230608]
B42 = [1980811197]
B43 = [8721859617]
B44 = [2284509516]
B45 = [2804609722]
B46 = [4330331690]
B47=[0135740250]
B48=[7018260538]
B49=[6617309629]
B50=[6154908250]
B51=[8063246676]
B52=[4361726757]
B53=[5889832738]
B54=[0272189318]
B55=[1603153276]
B56=[6757934951]
B57=[9324193331]
B58=[7944758178]
B59=[5598838407]
B60=[8628227828]
B61=[1170094390]
B62=[0104293586]
B63=[0517255829]
B64=[4970056938]
B65=[4438377604]
B66=[7779295145]
B67=[5258350721]
B68=[7223636045]
B69=[0733969412]
B70=[0512689692]
B71=[2563049483]
B72=[2956340691]
B73=[7107928209]
B74=[0393682126]
B75=[4375946515]
B76=[9257766954]
B77=[7864797581]
B78=[7806860984]
B79=[5590848030]
B80=[0693150332]
B81=[6235447210]
B82=[2633987085]
B83=[0315001271]
B84=[8746004375]
B85=[2552737307]
B86=[7401875275]
B87=[8770190271]
B88=[1632866526]
B89=[0746255962]
B90=[2810917141]
B91=[5025333403]
B92=[8420090470]
B93=[6638784583]
B94=[1441773470]
B95=[2486764533]
B96=[2310058822]
B97=[3868218774]
B98=[4507995236]
B99=[0326572967]
B100=[7058596522]



resp1 = B1+B2+B3+B4+B5+B6+B7+B8+B9+B10
resp2 = B11+B12+B13+B14+B15+B16+B17+B18+B19+B20
resp3 = B21+B22+B23+B24+B25+B26+B27+B28+B29+B30
resp4 = B31+B32+B33+B34+B35+B36+B37+B38+B39+B40
resp5 = B41+B42+B43+B44+B45+B46+B47+B48+B49+B50
resp6 = B51+B52+B53+B54+B55+B56+B57+B58+B59+B60
resp7 = B61+B62+B63+B64+B65+B66+B67+B68+B69+B70
resp8 = B71+B72+B73+B74+B75+B76+B77+B78+B79+B80
resp9 = B81+B82+B83+B84+B85+B86+B87+B88+B89+B90
resp9 = B91+B92+B93+B94+B95+B96+B97+B98+B99+B100

final = resp1+resp2+resp3+resp4+resp5+resp6+resp7+resp8+resp9



