a1=[37107287533902102798797998220837590246510135740250];
a2=[46376937677490009712648124896970078050417018260538];
a3=[74324986199524741059474233309513058123726617309629];
a4=[91942213363574161572522430563301811072406154908250];
a5=[23067588207539346171171980310421047513778063246676];
a6=[89261670696623633820136378418383684178734361726757];
a7=[28112879812849979408065481931592621691275889832738];
a8=[44274228917432520321923589422876796487670272189318];
a9=[47451445736001306439091167216856844588711603153276];
a10=[70386486105843025439939619828917593665686757934951];
a11=[62176457141856560629502157223196586755079324193331];
a12=[64906352462741904929101432445813822663347944758178];
a13=[92575867718337217661963751590579239728245598838407];
a14=[58203565325359399008402633568948830189458628227828];
a15=[80181199384826282014278194139940567587151170094390];
a16=[35398664372827112653829987240784473053190104293586];
a17=[86515506006295864861532075273371959191420517255829];
a18=[71693888707715466499115593487603532921714970056938];
a19=[54370070576826684624621495650076471787294438377604];
a20=[53282654108756828443191190634694037855217779295145];
a21=[36123272525000296071075082563815656710885258350721];
a22=[45876576172410976447339110607218265236877223636045];
a23=[17423706905851860660448207621209813287860733969412];
a24=[81142660418086830619328460811191061556940512689692];
a25=[51934325451728388641918047049293215058642563049483];
a26=[62467221648435076201727918039944693004732956340691];
a27=[15732444386908125794514089057706229429197107928209];
a28=[55037687525678773091862540744969844508330393682126];
a29=[18336384825330154686196124348767681297534375946515];
a30=[80386287592878490201521685554828717201219257766954];
a31=[78182833757993103614740356856449095527097864797581];
a32=[16726320100436897842553539920931837441497806860984];
a33=[48403098129077791799088218795327364475675590848030];
a34=[87086987551392711854517078544161852424320693150332];
a35=[59959406895756536782107074926966537676326235447210];
a36=[69793950679652694742597709739166693763042633987085];
a37=[41052684708299085211399427365734116182760315001271];
a38=[65378607361501080857009149939512557028198746004375];
a39=[35829035317434717326932123578154982629742552737307];
a40=[94953759765105305946966067683156574377167401875275];
a41=[88902802571733229619176668713819931811048770190271];
a42=[25267680276078003013678680992525463401061632866526];
a43=[36270218540497705585629946580636237993140746255962];
a44=[24074486908231174977792365466257246923322810917141];
a45=[91430288197103288597806669760892938638285025333403];
a46=[34413065578016127815921815005561868836468420090470];
a47=[23053081172816430487623791969842487255036638784583];
a48=[11487696932154902810424020138335124462181441773470];
a49=[63783299490636259666498587618221225225512486764533];
a50=[67720186971698544312419572409913959008952310058822];
a51=[95548255300263520781532296796249481641953868218774];
a52=[76085327132285723110424803456124867697064507995236];
a53=[37774242535411291684276865538926205024910326572967];
a54=[23701913275725675285653248258265463092207058596522];
a55=[29798860272258331913126375147341994889534765745501];
a56=[18495701454879288984856827726077713721403798879715];
a57=[38298203783031473527721580348144513491373226651381];
a58=[34829543829199918180278916522431027392251122869539];
a59=[40957953066405232632538044100059654939159879593635];
a60=[29746152185502371307642255121183693803580388584903];
a61=[41698116222072977186158236678424689157993532961922];
a62=[62467957194401269043877107275048102390895523597457];
a63=[23189706772547915061505504953922979530901129967519];
a64=[86188088225875314529584099251203829009407770775672];
a65=[11306739708304724483816533873502340845647058077308];
a66=[82959174767140363198008187129011875491310547126581];
a67=[97623331044818386269515456334926366572897563400500];
a68=[42846280183517070527831839425882145521227251250327];
a69=[55121603546981200581762165212827652751691296897789];
a70=[32238195734329339946437501907836945765883352399886];
a71=[75506164965184775180738168837861091527357929701337];
a72=[62177842752192623401942399639168044983993173312731];
a73=[32924185707147349566916674687634660915035914677504];
a74=[99518671430235219628894890102423325116913619626622];
a75=[73267460800591547471830798392868535206946944540724];
a76=[76841822524674417161514036427982273348055556214818];
a77=[97142617910342598647204516893989422179826088076852];
a78=[87783646182799346313767754307809363333018982642090];
a79=[10848802521674670883215120185883543223812876952786];
a80=[71329612474782464538636993009049310363619763878039];
a81=[62184073572399794223406235393808339651327408011116];
a82=[66627891981488087797941876876144230030984490851411];
a83=[60661826293682836764744779239180335110989069790714];
a84=[85786944089552990653640447425576083659976645795096];
a85=[66024396409905389607120198219976047599490197230297];
a86=[64913982680032973156037120041377903785566085089252];
a87=[16730939319872750275468906903707539413042652315011];
a88=[94809377245048795150954100921645863754710598436791];
a89=[78639167021187492431995700641917969777599028300699];
a90=[15368713711936614952811305876380278410754449733078];
a91=[40789923115535562561142322423255033685442488917353];
a92=[44889911501440648020369068063960672322193204149535];
a93=[41503128880339536053299340368006977710650566631954];
a94=[81234880673210146739058568557934581403627822703280];
a95=[82616570773948327592232845941706525094512325230608];
a96=[22918802058777319719839450180888072429661980811197];
a97=[77158542502016545090413245809786882778948721859617];
a98=[72107838435069186155435662884062257473692284509516];
a99=[20849603980134001723930671666823555245252804609722];
a100=[53503534226472524250874054075591789781264330331690];


b1 = a1+a2+a3+a4+a5+a6+a7+a8+a9+a10;
b2 = a11+a12+a13+a14+a15+a16+a17+a18+a19+a20;
b3 = a21+a22+a23+a24+a25+a26+a27+a28+a29+a30;
b4 = a31+a32+a33+a34+a35+a36+a37+a38+a39+a40;
b5 = a41+a42+a43+a44+a45+a46+a47+a48+a49+a50;
b6 = a51+a52+a53+a54+a55+a56+a57+a58+a59+a60;
b7 = a61+a62+a63+a64+a65+a66+a67+a68+a69+a70;
b8 = a71+a72+a73+a74+a75+a76+a77+a78+a79+a80;
b9 = a81+a82+a83+a84+a85+a86+a87+a88+a89+a90;
b10 = a91+a92+a93+a94+a95+a96+a97+a98+a99+a100;


c1= b1+b2+b3+b4+b5+b6+b7+b8+b9+b10
